Version 0.9.7
5
 4 10 175 77 128 0 1
 5 834 862 206 81 2 2
 0 110 110 877 276 8 3
 3 311 27 203 58 140 4
 1 302 488 206 81 149 5
 1
12
 255 5 71 189 71 189 71 137 71 137 163 137 163 137 0 1 0 3
 0 5 71 249 71 249 176 249 176 249 176 124 176 124 0 1 0 3
 0 5 930 124 930 124 942 124 942 371 930 371 930 371 0 3 0 3
 255 5 930 137 930 137 930 137 930 358 930 358 930 358 0 3 0 3
 0 5 322 64 322 64 322 124 322 124 319 124 319 124 0 4 0 3
 255 5 317 499 317 499 293 499 293 499 293 358 293 358 0 5 0 3
 0 5 317 557 317 557 241 557 241 557 241 371 241 371 0 5 0 3
 12615680 5 371 280 371 280 358 280 358 280 358 499 358 499 0 3 0 5
 8404992 5 384 280 384 280 376 280 376 499 377 499 377 499 0 3 0 5
 4259584 5 397 280 397 280 448 280 448 71 477 71 477 71 0 3 0 4
 16777088 5 449 280 449 280 449 280 449 371 449 371 449 371 0 3 0 3
 255 5 371 215 371 215 371 215 371 137 371 137 371 137 0 3 0 3
1
 7000 1 14 365 228 5 0 0 13292 3
