Version 0.9.7
5
 4 10 175 77 128 0 1
 5 80 400 206 81 2 2
 0 160 160 877 276 8 3
 3 435 65 203 58 140 4
 1 369 449 206 81 149 5
 0
11
 255 5 71 228 71 228 213 228 213 228 213 187 213 187 0 1 0 3
 0 5 71 288 71 288 226 288 226 288 226 174 226 174 0 1 0 3
 0 5 980 174 980 174 999 174 999 421 980 421 980 421 0 3 0 3
 255 5 980 187 980 187 980 187 980 408 980 408 980 408 0 3 0 3
 255 5 384 460 384 460 384 408 384 408 382 408 382 408 0 5 0 3
 0 5 446 102 446 102 446 174 446 174 447 174 447 174 0 4 0 3
 0 5 384 518 384 518 330 518 330 518 330 421 330 421 0 5 0 3
 16711680 5 421 330 421 330 421 460 421 460 425 460 425 460 0 3 0 5
 8404992 5 434 330 434 330 434 109 434 109 481 109 481 109 0 3 0 4
 12615935 5 499 330 499 330 499 330 499 421 499 421 499 421 0 3 0 3
 4259584 5 421 265 421 265 421 187 421 187 408 187 408 187 0 3 0 3
1
 7004 1 14 415 278 5 0 0 13292 3
